[[0, 153], [90, 333]]
[[47, 276], [227, 456]]
[[122, 377], [302, 557]]
[[29, 284], [209, 464]]
[[72, 211], [252, 391]]
[[106, 299], [286, 479]]
[[135, 433], [315, 613]]
[[180, 360], [360, 540]]
[[92, 439], [272, 619]]
[[9, 407], [189, 587]]
[[135, 328], [315, 508]]
[[250, 244], [430, 424]]
[[301, 220], [481, 400]]
[[230, 133], [410, 313]]
[[357, 0], [537, 179]]
[[251, 122], [431, 302]]
[[387, 249], [567, 429]]
[[454, 149], [634, 329]]
[[474, 30], [654, 210]]
[[548, 165], [720, 345]]
[[440, 64], [620, 244]]
[[349, 0], [529, 109]]
[[309, 36], [489, 216]]
[[205, 88], [385, 268]]
[[215, 111], [395, 291]]
[[273, 4], [453, 184]]
[[412, 0], [592, 124]]
[[415, 71], [595, 251]]
[[468, 0], [648, 161]]
[[383, 70], [563, 250]]
[[275, 50], [455, 230]]
[[220, 0], [400, 156]]
[[213, 56], [393, 236]]
[[111, 116], [291, 296]]
[[73, 0], [253, 161]]
[[20, 0], [200, 127]]
[[0, 5], [121, 185]]
[[3, 7], [183, 187]]
[[138, 22], [318, 202]]
[[98, 72], [278, 252]]
[[8, 134], [188, 314]]
[[49, 109], [229, 289]]
[[3, 235], [183, 415]]
[[109, 293], [289, 473]]
[[84, 284], [264, 464]]
[[134, 222], [314, 402]]
[[41, 98], [221, 278]]
[[76, 237], [256, 417]]
[[0, 299], [116, 479]]
[[23, 337], [203, 517]]
[[151, 472], [331, 652]]
[[170, 553], [350, 733]]
[[184, 676], [364, 856]]
[[112, 729], [292, 909]]
[[21, 752], [201, 932]]
[[138, 642], [318, 822]]
[[271, 606], [451, 786]]
[[234, 718], [414, 898]]
[[124, 681], [304, 861]]
[[206, 738], [386, 918]]
[[254, 651], [434, 831]]
[[263, 631], [443, 811]]
[[149, 696], [329, 876]]
[[53, 799], [233, 979]]
[[167, 938], [347, 1118]]
[[269, 869], [449, 1049]]
[[360, 862], [540, 1042]]
[[261, 767], [441, 947]]
[[165, 673], [345, 853]]
[[130, 696], [310, 876]]
[[188, 728], [368, 908]]
[[276, 676], [456, 856]]
[[190, 699], [370, 879]]
[[213, 811], [393, 991]]
[[328, 880], [508, 1060]]
[[251, 941], [431, 1121]]
[[185, 879], [365, 1059]]
[[312, 795], [492, 975]]
[[382, 734], [562, 914]]
[[339, 649], [519, 829]]
[[478, 778], [658, 958]]
[[431, 839], [611, 1019]]
[[435, 898], [615, 1078]]
[[387, 989], [567, 1169]]
[[283, 886], [463, 1066]]
[[358, 876], [538, 1056]]
[[268, 988], [448, 1168]]
[[246, 844], [426, 1024]]
[[360, 777], [540, 957]]
[[402, 761], [582, 941]]
[[376, 703], [556, 883]]
[[474, 780], [654, 960]]
[[450, 812], [630, 992]]
[[369, 830], [549, 1010]]
[[485, 821], [665, 1001]]
[[372, 790], [552, 970]]
[[341, 775], [521, 955]]
[[343, 897], [523, 1077]]
[[239, 936], [419, 1116]]
[[334, 1054], [514, 1234]]
